index,metadata,proba_jeunesse,proba_aventures,proba_policier,proba_autobio,proba_sentiment,prediction,accord
1961_Delly_Ahelya-fille-des-Indes,roman sentimental,0.011566427511972139,0.0725588367128648,0.03395864940853946,0.004088654693758074,0.8778274316728655,roman sentimental,True
1981_Delly_L'heritage-de-Cendrillon,roman sentimental,0.10503617234676146,0.02438552362536116,0.01446159727496167,0.0037067146686411024,0.8524099920842746,roman sentimental,True
1930_Delly_La-maison-du-lis,roman sentimental,0.9766510490471756,0.0017980275539219398,0.00109137902210702,0.0005989070772420086,0.019860637299553605,littérature jeunesse,False
1954_Delly_L'heritier-des-ducs-de-Sailles,roman sentimental,0.6285636775186756,0.04326629740375057,0.017839448427583903,0.006330295852980956,0.304000280797009,littérature jeunesse,False
1956_Delly_Annonciade,roman sentimental,0.021132534097904835,0.008102051864414286,0.01808434742535237,0.008094906728241596,0.9445861598840865,roman sentimental,True
1951_Delly_La-maison-des-belles-colonnes-L'accusatrice,roman sentimental,0.537916607399475,0.07827039530742257,0.03462056390563053,0.014355732304236844,0.3348367010832349,littérature jeunesse,False
1951_Delly_La-maison-des-belles-colonnes-la-louve-devorante,roman sentimental,0.6426394156802524,0.028953937757611254,0.009125350366630912,0.008997892217825949,0.31028340397767973,littérature jeunesse,False
1955_Delly_Ourida,roman sentimental,0.3399850694875073,0.08935413775030915,0.13328447073436842,0.009096236557804902,0.42828008547001034,littérature jeunesse,False
1926_Delly_L'infidele,roman sentimental,0.20279732141015133,0.003857681921198159,0.013598104665535009,0.006339165665350146,0.7734077263377654,roman sentimental,True
1934_Delly_La-douloureuse-victoire,roman sentimental,0.06462920214556123,0.004053797323383117,0.004007293676286157,0.0027954175754168714,0.9245142892793526,roman sentimental,True
1949_Delly_La-villa-des-serpents,roman sentimental,0.6204655110079654,0.03590507594186939,0.03212829563242353,0.012831012135825012,0.2986701052819164,littérature jeunesse,False
1928_Delly_Cœurs-ennemis-Laquelle,roman sentimental,0.28866885977035966,0.036993571137139,0.009330645536956728,0.0063977445467935925,0.6586091790087512,littérature jeunesse,False
1897_Gerald-Montmeril_Chryseis-au-desert,littérature jeunesse,0.8137687849897584,0.10677774791479694,0.04038045219154764,0.02171159703158016,0.017361417872316934,littérature jeunesse,True
1925_Robida-Albert_Un-chalet-dans-les-airs,littérature jeunesse,0.42098495506598116,0.3640922873680178,0.13101351814300574,0.05325266788181863,0.0306565715411766,roman d'aventures,False
1913_Delly_Dans-l'ombre-du-mystere,roman sentimental,0.10513046508090375,0.005636059567123821,0.015287976737658481,0.04684974190068011,0.8270957567136337,roman sentimental,True
1896_Aicard-Jean_Notre-Dame-d-Amour,roman sentimental,0.5140051086843408,0.32767596344294897,0.023516711957986946,0.045257050464644934,0.08954516545007811,littérature jeunesse,False
1990_Perec-Georges_Je-suis-ne,mémoires et autobiographie,0.16415139560729583,0.02108387577389624,0.480539911643864,0.30925519824069847,0.024969618734245486,mémoires et autobiographie,True
1955_Delly_Le-roi-aux-yeux-de-reve,roman sentimental,0.8203750752942219,0.0014182877614820138,0.0015635183675921857,0.002118817274477054,0.17452430130222676,littérature jeunesse,False
1867_Sauquet-Victor_L-Enfant-des-montagnes,littérature jeunesse,0.12246857468425426,0.8423473234910822,0.010774995322745413,0.021982367993479076,0.002426738508438988,roman d'aventures,False
1956_Delly_La-maison-dans-la-foret,roman sentimental,0.9122781172915931,0.024980278950411206,0.030393131753641237,0.0073318579091809265,0.02501661409517345,littérature jeunesse,False
1962_Delly_Fille-de-chouans,roman sentimental,0.22124492167759605,0.012811330543486502,0.01725404539199348,0.005009881341372423,0.7436798210455517,roman sentimental,True
1931_Nizan-Paul_Aden-Arabie,mémoires et autobiographie,0.0043916450091933705,0.003444367264191363,0.012696877084860064,0.978306412441279,0.001160698200476399,mémoires et autobiographie,True
1955_Delly_Pour-l'amour-d'Ourida,roman sentimental,0.044348761893973625,0.07167402039344009,0.08979907252945188,0.005235306339043085,0.7889428388440911,roman sentimental,True
1960_Delly_Le-feu-sous-la-glace,roman d'aventures,0.16400930652760723,0.08608316059360853,0.014821997264696936,0.009679645468706768,0.7254058901453806,roman sentimental,False
1906_Level-Maurice_L-epouvante,policier,0.00377770383344387,0.014722924221645744,0.9764243897389522,0.0005932607745093362,0.004481721431449373,policier,True
1891_Witt-Henriette-de_La-Petite-fille-aux-grand-meres,littérature jeunesse,0.9414182665424771,0.013865454545594262,0.006217589158765864,0.026100319705717776,0.012398370047445258,littérature jeunesse,True
1922_Delly_Mitsi,roman sentimental,0.1185245420099631,0.24460575109786672,0.055726279109727814,0.011632672701649211,0.5695107550807932,roman d'aventures,False
1918_Delly_Sous-le-masque,roman sentimental,0.23868210160520031,0.34625063320445965,0.0990033117974569,0.00870763945397924,0.3073563139389034,roman d'aventures,False
1968_Dhotel-Andre_L-Enfant-qui-disait-n-importe-quoi,littérature jeunesse,0.6645900976419411,0.11781124876699028,0.12254674316447367,0.019421426428552397,0.07563048399804237,littérature jeunesse,True
1948_Delly_La-rose-qui-tue,roman sentimental,0.15082530302485392,0.005443813903508464,0.014835745863216253,0.006711332364817293,0.8221838048436045,roman sentimental,True
1950_Delly_Rue-des-trois-graces,roman sentimental,0.5865305101547534,0.07299222356715025,0.22620337299026255,0.029835374561845356,0.08443851872598793,littérature jeunesse,False
1923_Delly_La-chatte-blanche,roman sentimental,0.02723784712725665,0.010628841273340947,0.018430281560504413,0.0036275364507459195,0.9400754935881522,roman sentimental,True
1981_Delly_Ma-robe-couleur-du-temps,roman sentimental,0.2839023351732809,0.011056748652586277,0.020129140678587065,0.07578365472660296,0.609128120768943,littérature jeunesse,False
1955_Delly_Salvatore-Falnerra,roman sentimental,0.4106524245592268,0.03937179847727565,0.042489292352302054,0.006660288282761345,0.5008261963284338,littérature jeunesse,False
2011_Borromee-Pierre_L-hermine-etait-pourpre,policier,0.015381760038476038,0.015763115910848613,0.885683218331079,0.005380058692981847,0.07779184702661462,policier,True
1935_Delly_Comme-un-conte-de-fees,roman sentimental,0.4817564251765748,0.010949583764770572,0.006581790791603031,0.0046011177934771885,0.49611108247357477,littérature jeunesse,False
1919_Delly_Magali,roman sentimental,0.05504464710178545,0.019510082742008456,0.00394235885587876,0.0022647726578044654,0.9192381386425227,roman sentimental,True
1971_Tournier-Michel_Vendredi-ou-la-vie-sauvage,littérature jeunesse,0.5354667554731384,0.42306790566645863,0.033425830982252165,0.003456438596048189,0.0045830692821027304,littérature jeunesse,True
1950_Delly_Aurore-de-Brusfeld,roman sentimental,0.27864711787184854,0.05554222273780606,0.032185949239401504,0.004828419191233442,0.6287962909597106,littérature jeunesse,False
1916_Delly_La-fin-d'une-Walkyrie,roman sentimental,0.10464439183736239,0.04792778747612483,0.028782170712210654,0.007833799064979085,0.8108118509093228,roman sentimental,True
1908_Delly_Une-femme-superieure,roman sentimental,0.1798676502972173,0.11049523344689915,0.010865897305493684,0.009632206668640344,0.6891390122817493,roman sentimental,True
1978_Perec-Georges_Je-me-souviens,mémoires et autobiographie,0.023289978214274268,0.017407405672166705,0.02140899314304805,0.9342319172567848,0.003661705713726309,mémoires et autobiographie,True
1967_Tournier-Michel_Vendredi-ou-les-limbes-du-Pacifique,roman d'aventures,0.19348237067155502,0.7110748884911923,0.06652797277589188,0.015915562676192777,0.012999205385168236,roman d'aventures,True
1953_Delly_Cite-des-anges,roman sentimental,0.11829533630318852,0.02481080647167386,0.05418378416499445,0.016202151013640295,0.7865079220465028,roman sentimental,True
1952_Delly_Le-roseau-brise,roman sentimental,0.2911684072948573,0.030750773012808562,0.027095661889527167,0.0224382054314224,0.6285469523713845,littérature jeunesse,False
1895_Mael-Pierre_Les-Derniers-Hommes-rouges,littérature jeunesse,0.02620172989983455,0.9670747282959928,0.004815140414218184,0.0005932635493802956,0.0013151378405743526,roman d'aventures,False
1930_Delly_Gille-de-Cesbres,roman sentimental,0.10882512681149668,0.010348632511548304,0.01967196522253557,0.0037797547356584428,0.857374520718761,roman sentimental,True
1896_Gyp_Bijou,littérature jeunesse,0.33239495258535273,0.003068010233583269,0.028560256331730417,0.005087444995322882,0.6308893358540107,littérature jeunesse,True
1940_Delly_Le-drame-de-l'étang-aux-biches,roman sentimental,0.16877762629101664,0.04193169864431595,0.049826074083109996,0.011091835157409174,0.7283727658241484,roman sentimental,True
2013_Thiery-Danielle_La-petite-fille-de-Marie-Gare,mémoires et autobiographie,0.0027071104116027016,0.0024486386724975454,0.06458057814249023,0.9162209456905029,0.014042727082906869,mémoires et autobiographie,True
1883_Montagne-Edouard_Le-Batard-de-Ravaillac,roman d'aventures,0.004429536293046674,0.9569436824258288,0.028813578522008932,0.001468932411188541,0.008344270347927365,roman d'aventures,True
1960_Delly_La-colombe-de-Rudsay-Manor,roman sentimental,0.796776109743732,0.027888032161069408,0.01001840769122981,0.004784874725410116,0.1605325756785582,littérature jeunesse,False
1984_Delly_Des-plaintes-dans-la-nuit,roman sentimental,0.2006226993778396,0.1976935390485927,0.09480274035923777,0.00874021686893728,0.49814080434539276,littérature jeunesse,False
1945_Delly_La-maison-des-rossignols,roman sentimental,0.15157115376639876,0.03283378247348672,0.04221545306409079,0.0057669381705708865,0.7676126725254528,roman sentimental,True
1926_Delly_La-vengeance-de-Ralph,roman sentimental,0.028620159792344307,0.0054543603638193515,0.004469261901704341,0.0012023841363281672,0.9602538338058033,roman sentimental,True
1925_Delly_Les-ombres,roman sentimental,0.22248065032401024,0.0020680940070139844,0.0032823695167770784,0.00496976317261436,0.7671991229795844,roman sentimental,True
1873_Sannois-Comtesse-de_Les-Soirees-a-la-maison,littérature jeunesse,0.9523118863046499,0.016231246338481116,0.0038808683123641363,0.025440082257880563,0.0021359167866243788,littérature jeunesse,True
1923_Delly_Dans-les-ruines,roman sentimental,0.09079552637074531,0.06484269101974965,0.035242562886103036,0.01274825361802231,0.7963709661053796,roman sentimental,True
1954_Delly_L'orgueil-dompte,roman sentimental,0.27083660008511234,0.06108602332734825,0.05322488628186023,0.008060681066174686,0.6067918092395043,littérature jeunesse,False
1952_Delly_La-porte-scellee,roman sentimental,0.13146511173540093,0.0031208685751131487,0.010826447006281763,0.015884473183838378,0.8387030994993658,roman sentimental,True
1937_Delly_Les-heures-de-la-vie,roman sentimental,0.1506293333641413,0.004152033938874142,0.013253982453225838,0.011946187886270476,0.8200184623574882,roman sentimental,True
1917_Delly_La-petite-chanoinesse,roman sentimental,0.07007982626639808,0.005784384555615087,0.010564411222715515,0.006233856713155358,0.9073375212421164,roman sentimental,True
2008_Grange-Jean-Christophe_Miserere,policier,0.009636485193112537,0.07042179296468176,0.7673244637907023,0.012884759169734465,0.1397324988817689,policier,True
1926_Crevel-René_La-mort-difficile,mémoires et autobiographie,0.06582850807213127,0.02687721752322084,0.21224546845474684,0.6214938167613323,0.07355498918856881,mémoires et autobiographie,True
1951_Delly_Les-solitaires-de-Myols,roman sentimental,0.15479678276596145,0.036102357064852215,0.0062672445331131855,0.003742995531344515,0.7990906201047288,roman sentimental,True
1877_Gayet-de-Cesena-Amedee_Le-Chapelet-d-amour,roman d'aventures,0.13344371498342703,0.7883172011047154,0.04193193111299948,0.014025029372360609,0.02228212342649728,roman d'aventures,True
1966_Delly_La-lampe-ardente,roman sentimental,0.047383147546374925,0.012232926727809349,0.02621870981846532,0.006998413459595022,0.9071668024477555,roman sentimental,True
1929_Delly_Une-misere-doree,roman sentimental,0.4387249605007178,0.12782619712354806,0.0189601452530216,0.005525559633820582,0.4089631374888921,littérature jeunesse,False
1910_Delly_Esclave-ou-reine,roman sentimental,0.19338996660776187,0.017711495735884753,0.019446247039326712,0.005300257431543946,0.7641520331854827,roman sentimental,True
1990_Tournier-Michel_Sept-contes,littérature jeunesse,0.34325539529800847,0.003693916142159144,0.03218970964917883,0.6096109553675786,0.01125002354307525,mémoires et autobiographie,False
1882_Richebourg-Emile_Jean-Loup,policier,0.033792074639656396,0.8006555588937864,0.15406684800481144,0.0053381861728301425,0.006147332288915974,roman d'aventures,False
1966_Delly_Une-mesalliance,roman sentimental,0.22796081771783608,0.004054273637547985,0.004771922934519717,0.005053555353097667,0.7581594303569987,roman sentimental,True
1910_Audoux-Marguerite_Marie-Claire,mémoires et autobiographie,0.9014192072070695,0.006534095736355773,0.0052995204772456495,0.08194467393119315,0.004802502648135799,littérature jeunesse,False
1910_Graffigny-H-de_Le-tour-de-France-en-aeroplane,littérature jeunesse,0.06438905854915147,0.7168729967088182,0.17519834147257868,0.0302388706851509,0.0133007325843007,roman d'aventures,False
1955_Dhotel-Andre_Le-pays-ou-l-on-n-arrive-jamais,littérature jeunesse,0.25426604900137356,0.38902240946208283,0.3134309061156481,0.01590275704540954,0.027377878375485987,roman d'aventures,False
1950_Delly_L'enfant-mysterieuse,roman sentimental,0.24476718084417276,0.10187574182224347,0.14309492491197798,0.01237064862004847,0.4978915038015573,policier,False
1959_Delly_L'illusion-orgueilleuse-suivi-de-La-voie-divine,roman sentimental,0.23135457797652487,0.008735775808936095,0.007095971147515831,0.014460323321392384,0.7383533517456307,roman sentimental,True
1865_Gautier-Theophile_La-belle-Jenny,roman d'aventures,0.010310172136703048,0.9635979662578291,0.024329412197651633,0.0009520458631628225,0.0008104035446529986,roman d'aventures,True
1954_Cohen-Albert_Le-livre-de-ma-mere,mémoires et autobiographie,0.05143312787539573,0.0005173886446154505,0.006019457959640317,0.9239024467000637,0.018127578820284578,mémoires et autobiographie,True
1931_Delly_Le-candelabre-du-temple,roman sentimental,0.09834247457294325,0.020696683960605547,0.012018599592064175,0.003235751622641036,0.8657064902517462,roman sentimental,True
2006_Vargas-Fred_Dans-les-bois-eternels,policier,0.019393169370965916,0.1256206091828562,0.7926314113812923,0.015003671883930899,0.04735113818095461,policier,True
2002_Djian-Philippe_Ça-c-est-un-baiser,policier,0.016768737441541268,0.004836470053154757,0.6169497564813837,0.3164112152373728,0.04503382078654739,policier,True
1921_Delly_L'ondine-de-Capdeuilles,roman sentimental,0.19965941361891526,0.00541138575077879,0.00461312655567789,0.005637978190543296,0.7846780958840849,roman sentimental,True
1922_Delly_Le-fruit-mur,roman sentimental,0.08302897077649982,0.007207107021706892,0.004800368126823655,0.014732540099380112,0.8902310139755891,roman sentimental,True
1943_Delly_Anita,roman sentimental,0.4064754413122747,0.04409261848238325,0.02000923872844576,0.010882434268660712,0.5185402672082359,littérature jeunesse,False
1952_Delly_Le-chant-de-la-misere,roman sentimental,0.6635808975529086,0.006289387254930783,0.012290979089271969,0.08191617586917253,0.23592256023371586,littérature jeunesse,False
1878_Chavannes-de-La-Giraudiere-Hippolyte-de_Patrice,littérature jeunesse,0.46954747943357306,0.4093315816789614,0.04163731897449908,0.07677363471634037,0.002709985196626079,littérature jeunesse,True
1946_Delly_Sainte-Nitouche,roman sentimental,0.9064625414357882,0.002060638870015854,0.003951002694656386,0.0026316503147478442,0.0848941666847918,littérature jeunesse,False
1950_Delly_Folie-de-sages,roman sentimental,0.4515797447536451,0.004065547108097985,0.007912012937591546,0.00684925477283748,0.5295934404278279,littérature jeunesse,False
1951_Delly_Reinette,roman sentimental,0.37500345745337277,0.0015994012453728174,0.0024459080230466094,0.00410134755456329,0.6168498857236446,littérature jeunesse,False
1881_Martignat-Mlle-de_Ginette,littérature jeunesse,0.9172366735249621,0.03666417926047435,0.008348343977107701,0.005383024797112395,0.03236777844034327,littérature jeunesse,True
1951_Delly_Sous-l'œil-des-brahmes,roman sentimental,0.12301620195319425,0.444076060580804,0.2088505327168403,0.007703733544438648,0.21635347120472265,roman d'aventures,False
1961_Delly_Le-roi-des-Andes,roman d'aventures,0.09483448995038517,0.1925041991039067,0.06534916505007553,0.006099709136310528,0.6412124367593222,roman sentimental,False
1984_Des-Forets-Rene-Louis_Un-malade-en-foret,mémoires et autobiographie,0.5711073079074707,0.04380610549074418,0.1950695747514982,0.041365893726814706,0.14865111812347231,littérature jeunesse,False
1926_Delly_Le-secret-de-la-Luzette,roman sentimental,0.6476220602313533,0.007841462697839148,0.010278685830151292,0.09977317264382132,0.2344846185968352,littérature jeunesse,False
1913_Delly_Entre-deux-ames,roman sentimental,0.05368521801389157,0.00720974388434718,0.005799350092233483,0.001232842277297784,0.9320728457322304,roman sentimental,True
1953_Delly_Le-repaire-des-fauves,roman sentimental,0.07117681922705482,0.4739793635601825,0.06363613075895658,0.009085792837532254,0.38212189361627386,roman d'aventures,False
1954_Delly_Aelys-aux-cheveux-d'or,roman sentimental,0.3213778361032049,0.06607753217883028,0.03205084464591552,0.01178364194458637,0.568710145127463,littérature jeunesse,False
1935_Delly_Un-marquis-de-Carabas,roman sentimental,0.20349125213722052,0.008403885614176926,0.020567874711458434,0.006335278964970394,0.761201708572174,roman sentimental,True
1893_Marie-Delorme_Les-Filles-du-clown,littérature jeunesse,0.9687434908697043,0.01933043844913957,0.0030311353506628233,0.0009719851575490917,0.007922950172944417,littérature jeunesse,True
1874_Witt-Henriette-de_Une-soeur,littérature jeunesse,0.8965862301292777,0.006873017781700342,0.0063316378347567925,0.004404760106438788,0.08580435414782628,littérature jeunesse,True
1908_Delly_L'exilee,roman sentimental,0.27149437042318886,0.09925079450769961,0.01398587722127933,0.005640718579211555,0.6096282392686205,littérature jeunesse,False
1905_Delly_L'etincelle,roman sentimental,0.24028568232933262,0.007017364127341682,0.0033844732393307816,0.007641363186916762,0.7416711171170786,roman sentimental,True
1991_Vargas-Fred_L-homme-aux-cercles-bleus,policier,0.019028303935701638,0.006519367404409193,0.6644277702062563,0.01337677524489783,0.2966477832087352,policier,True
1954_Delly_Un-amour-de-prince,roman sentimental,0.17027591346894763,0.005923318302390009,0.014054632220350582,0.06950031322312566,0.7402458227851865,roman sentimental,True
2004_Grange-Jean-Christophe_La-Ligne-noire,policier,0.008260084646553678,0.08659060425324282,0.7992939739699636,0.013696490006496802,0.09215884712374327,policier,True
1884_Racot-Adolphe-Pradel-Georges_Le-Diamant-rouge,roman d'aventures,0.004387475495982186,0.9330293158054901,0.06002847747010581,0.00072986609386166,0.0018248651345602511,roman d'aventures,True
1956_Delly_La-biche-au-bois,roman sentimental,0.08319357981083185,0.08525719778188376,0.0972438856888802,0.010902726232720135,0.723402610485684,roman sentimental,True
1874_Beaugrand-Honore_Anita-souvenirs-d-un-contre-guerillas,roman d'aventures,0.4744699826408564,0.026939998870480895,0.041369697387001914,0.4532099818491656,0.004010339252495236,mémoires et autobiographie,False
1950_Delly_Le-violon-du-tzigane,roman sentimental,0.6757493146045062,0.028527950890265392,0.01430018792910812,0.010821745784935456,0.27060080079118476,littérature jeunesse,False
1926_Delly_Elfrida-Norsten-le-secret-de-la-sarrasine,roman sentimental,0.038589323280768445,0.08169522659419898,0.08095805110579758,0.0045710540182798175,0.7941863450009553,roman sentimental,True
1953_Delly_Gwen-princesse-d'Orient,roman sentimental,0.19424058152050394,0.28094599923459007,0.08735674100364027,0.011161950609175497,0.42629472763209014,roman d'aventures,False
1912_Delly_Fleurs-du-foyer-fleurs-du-cloitre,roman sentimental,0.16692295459294276,0.009818202781054072,0.006869455868463639,0.005946089275204483,0.8104432974823351,roman sentimental,True
1946_Delly_Les-deux-crimes-de-Thecle,roman sentimental,0.20387738517521622,0.015584386184248886,0.07941257411341995,0.033617207037865963,0.667508447489249,roman sentimental,True
1905_Farrere-Claude_Les-civilises,roman d'aventures,0.09767373147515962,0.6574290376392639,0.14423011813943815,0.013481563478390716,0.08718554926774724,roman d'aventures,True
1960_Delly_Les-deux-fraternites,roman sentimental,0.21555430062650774,0.008070948908059986,0.019149548004368418,0.002733022732026104,0.7544921797290379,roman sentimental,True
1873_Viollet-le-Duc-Eugene-Emmanuel_Histoire-d-une-maison,littérature jeunesse,0.5800455350941675,0.11908089242456348,0.06870852332026213,0.2045244708646595,0.02764057829634721,littérature jeunesse,True
1918_Delly_Le-secret-du-Kou-Kou-Noor,roman sentimental,0.09985440450125305,0.278285443243663,0.1380794789179308,0.01122038641098558,0.4725602869261677,roman d'aventures,False
1935_Delly_Contes,roman sentimental,0.9452383932671339,0.01506543648547563,0.023324858752278556,0.013435379137010754,0.0029359323581008077,littérature jeunesse,False
1960_Delly_Le-sceau-de-Satan,roman sentimental,0.47817716176477365,0.01276045631162679,0.10099073397468827,0.09557165275098609,0.31249999519792526,littérature jeunesse,False
1924_Istrati-Panait_Les-recits-d-Adrien-Zograffi_II,roman d'aventures,0.7546271161598547,0.13852373023690745,0.04320933252918173,0.04057962575049236,0.023060195323563848,littérature jeunesse,False
1939_Leiris-Michel_L-Age-d-homme,mémoires et autobiographie,0.0011821684068663895,0.00029476362177339457,0.0010205085925331326,0.9965505655933088,0.0009519937855186663,mémoires et autobiographie,True
1958_Delly_Lysis,roman sentimental,0.12040841969878668,0.0036345226744444155,0.0029907688442929415,0.0066069647726689105,0.8663593240098071,roman sentimental,True
1956_Malet-Leo_Corrida-aux-Champs-Elysees,policier,0.00605978873194939,0.014129103666628864,0.7265118453011008,0.025903830472988155,0.22739543182733274,policier,True
1907_Mael-Pierre_Le-Forban-noir,littérature jeunesse,0.0678611548180042,0.8968966103192122,0.023981103452555014,0.006631944459165371,0.004629186951063179,roman d'aventures,False
1951_Delly_Le-rubis-de-l'emir,roman sentimental,0.25294803224506734,0.011758235132663877,0.18440173164249843,0.006240805287363194,0.544651195692407,policier,False
1946_Delly_Les-hiboux-des-roches-rouges,roman sentimental,0.22595951621315508,0.04841923120504201,0.01177197014178352,0.003423967134332012,0.7104253153056871,roman sentimental,True
1952_Delly_L'orpheline-de-Ti-Carrec,roman sentimental,0.42167589507880554,0.13288672582991057,0.09526156343753188,0.019993573984761863,0.3301822416689901,littérature jeunesse,False
1880_Martignat-Mlle-de_L-Oncle-Boni,littérature jeunesse,0.8364472308208307,0.06701215289883079,0.02246261950795584,0.0057639661588565925,0.06831403061352585,littérature jeunesse,True
1924_Delly_Le-roi-de-Kidji-le-secret-de-la-sarrasine,roman sentimental,0.17842041126887148,0.343717254975132,0.15485668120171592,0.007796520125497229,0.3152091324287836,roman d'aventures,False
1931_Simenon-Georges_Monsieur-Gallet-decede,policier,0.07472776781383207,0.032932947258842826,0.8146954120282464,0.043093228290861846,0.03455064460821733,policier,True
1897_Boylesve-Rene_Sainte-Marie-des-Fleurs,mémoires et autobiographie,0.14481840314024025,0.19940424802777884,0.12606145804237467,0.2381886566808383,0.29152723410876813,mémoires et autobiographie,True
1943_Simenon-Georges_Les-dossiers-de-l-Agence-O,policier,0.01196519717029599,0.05873216783410141,0.8966177292888776,0.01527963641219174,0.0174052692945331,policier,True
1958_Simenon-Georges_Les-scrupules-de-Maigret,policier,0.006015246032252403,0.003978325058636901,0.9367889545552929,0.003930723846648095,0.049286750507169956,policier,True
1960_Simenon-Georges_Maigret-et-les-vieillards,policier,0.058111278363417146,0.017290416119039725,0.7734858965239831,0.06532239354202156,0.085790015451538,policier,True
1843_Doutre-Joseph_Les-fiances-de-1812,roman d'aventures,0.1455793171841276,0.7345157249099388,0.04765652797362085,0.05636492450228722,0.01588350543002596,roman d'aventures,True
1938_Simenon-Georges_Ceux-du-Grand-Cafe,policier,0.6050126683186339,0.01917810757211409,0.24422895509841858,0.05842695504421004,0.07315331396662351,littérature jeunesse,False
1932_Simenon-Georges_Le-Fou-de-Bergerac,policier,0.10297352962887775,0.04533773256720328,0.7540445119059316,0.03254492944253815,0.0650992964554494,policier,True
1947_Simenon-Georges_La-pipe-de-Maigret,policier,0.019996068560852894,0.011895501256923761,0.9177628618270111,0.011325091191509663,0.03902047716370323,policier,True
1898_Boylesve-Rene_Le-parfum-des-iles-Borromees,roman sentimental,0.3288964849651928,0.3625608240836227,0.048790162786292904,0.057109739405930886,0.20264278875896072,roman d'aventures,False
1906_Mistral-Frederic_Mes-origines,mémoires et autobiographie,0.16398851270383377,0.025211090002958677,0.006459580070380142,0.7984032863738451,0.00593753084898206,mémoires et autobiographie,True
1960_Pagnol-Marcel_Le-Temps-des-Secrets,littérature jeunesse,0.2649420980130667,0.07002120615541628,0.08366351432677661,0.5456383761598859,0.035734805344854646,mémoires et autobiographie,False
1960_Gary-Romain_La-promesse-de-l-aube,mémoires et autobiographie,0.030317905824576975,0.111419089712228,0.4488290756208879,0.3555767725694721,0.053857156272835084,mémoires et autobiographie,True
1913_Zevaco-Michel_Pardaillan-et-Fausta,roman d'aventures,0.008020239395966598,0.8459710516358141,0.11680978890309131,0.003183654069854809,0.026015265995273103,roman d'aventures,True
1931_Simenon-Georges_La-tete-d-un-homme,policier,0.003831584034466444,0.009317166153721553,0.9760857068991392,0.007036099322969481,0.0037294435897034166,policier,True
1886_Mahalin-Paul_La-filleule-de-Lagardere_Tome-2-L-heritiere,roman d'aventures,0.23031948693197815,0.6095510075052535,0.11208033060011707,0.024247340351666598,0.02380183461098461,roman d'aventures,True
1880_Fleuriot-Zenaide_Tranquille-et-Tourbillon,littérature jeunesse,0.5639345956199827,0.05760433116153397,0.009468792395245455,0.0074176655360945086,0.3615746152871436,littérature jeunesse,True
1902_Laurie-Andre_Memoires-d-un-collegien-russe,littérature jeunesse,0.4611127714494821,0.1238167414178396,0.07796311597335738,0.3004144629280635,0.036692908231257135,littérature jeunesse,True
1909_Ivoi-Paul-d-_L-Espion-X-323_Volume-II-Le-Canon-du-sommeil,roman d'aventures,0.04467173260663699,0.30397287835681835,0.25371375956665837,0.07185166971753391,0.3257899597523523,roman d'aventures,True
1949_Simenon-Georges_Mon-ami-Maigret,policier,0.11322889223746886,0.1094971696116535,0.7105587398686026,0.03498749564866607,0.03172770263360915,policier,True
1944_Simenon-Georges_Signe-Picpus,policier,0.008173788710775898,0.01477796329862536,0.8127801014734516,0.15741619561317552,0.006851950903971705,policier,True
2006_Nimier-Marie_La-Reine-du-silence,mémoires et autobiographie,0.009741062921103527,0.000731208935368107,0.059185055083601945,0.915218380531476,0.015124292528450635,mémoires et autobiographie,True
1897_Vanderem-Fernand_Les-Deux-Rives-Roman,roman sentimental,0.14330909024726715,0.2477792290593187,0.3613787944247863,0.022340254565925144,0.22519263170270262,policier,False
1893_Feval-Paul-fils_les-suites-de-lagardere_1-la-jeunesse-du-bossu,roman d'aventures,0.12349328611980051,0.8009664934405126,0.054319516073789174,0.004794901353731274,0.016425803012166323,roman d'aventures,True
1972_Simenon-Georges_Maigret-et-Monsieur-Charles,policier,0.029489019118629042,0.016842352823529277,0.8569566755484654,0.019117173612406422,0.0775947788969702,policier,True
1981_Ernaux-Annie_La-femme-gelee,mémoires et autobiographie,0.011597728913246603,0.0027025364827510524,0.031441268549529555,0.9497590159287084,0.004499450125764578,mémoires et autobiographie,True
1895_Ivoi-Paul-d-_Le-Sergent-Simplet-a-travers-les-colonies-françaises,roman d'aventures,0.008308713527275385,0.9281421656404518,0.05596034139374908,0.0006848847172274589,0.006903894721295977,roman d'aventures,True
1858_Pressense-Elise-de_Rosa,littérature jeunesse,0.833854053954109,0.05089042822514124,0.004178659311256649,0.001978344576496013,0.10909851393299701,littérature jeunesse,True
1943_Saint-Exupery-Antoine-de_Le-petit-prince,littérature jeunesse,0.627241356327216,0.07472181641719296,0.06168510932292723,0.17690115753811592,0.059450560394547984,littérature jeunesse,True
1993_Rouaud-Jean_Des-hommes-illustres,mémoires et autobiographie,0.19934534475940535,0.011488021468592225,0.06610207651086475,0.6925489394032992,0.030515617857838535,mémoires et autobiographie,True
1914_Zevaco-Michel_La-Reine-Sanglante,roman d'aventures,0.016155196807814864,0.8632688901613845,0.11165026396956099,0.004345913808358421,0.004579735252881487,roman d'aventures,True
1955_Simenon-Georges_Maigret-et-le-corps-sans-tete,policier,0.007203489668348948,0.006990650460691178,0.9774705799013571,0.0043109286384765575,0.0040243513311262495,policier,True
1888_Stolz-Madame-de_Violence-et-bonte,littérature jeunesse,0.8544988049315242,0.06189359641158796,0.0038134172475745047,0.011272400731855023,0.06852178067745841,littérature jeunesse,True
1968_Simenon-Georges_L-ami-d-enfance-de-Maigret,policier,0.0013521456051291385,0.002328893961453058,0.9863587914763674,0.0029276743083432462,0.007032494648707057,policier,True
1874_Stolz-Madame-de_Les-Poches-de-mon-oncle,littérature jeunesse,0.6974376015932926,0.014833851578194923,0.016047939509849004,0.19957302291651002,0.07210758440215376,littérature jeunesse,True
1950_Simenon-Georges_L-amie-de-madame-Maigret,policier,0.017467242029504355,0.010372647563456438,0.9190937412816382,0.016258239821058097,0.03680812930434309,policier,True
1962_Simenon-Georges_Maigret-et-les-braves-gens,policier,0.04960172898465822,0.016202653317456413,0.8462401051841866,0.04827539952145111,0.0396801129922477,policier,True
1970_Simenon-Georges_La-folle-de-Maigret,policier,0.005539465006304772,0.007022146129288474,0.9690999188421453,0.005750964627152543,0.012587505395108898,policier,True
1964_Simenon-Georges_Maigret-et-le-fantome,policier,0.028770977679888173,0.016780372070998313,0.8661066201765134,0.041398685415292284,0.04694334465730767,policier,True
1877_Fleuriot-Zenaide_Un-enfant-gate,littérature jeunesse,0.9530075266159459,0.014562546027535062,0.005040862030200536,0.0019331663123135006,0.025455899014005117,littérature jeunesse,True
1970_Gary-Romain_Chien-blanc,mémoires et autobiographie,0.058978254648211,0.09208631237972585,0.4736512979724527,0.28006336979508584,0.09522076520452506,policier,False
1880_Gozlan-Leon_Aventures-merveilleuses-et-touchantes-du-prince-Chenevis-et-de-sa-jeune-soeur,littérature jeunesse,0.9046424643573775,0.06603159405813204,0.0020485030471860508,0.024692450823142628,0.0025849877141620485,littérature jeunesse,True
1934_Simenon-Georges_Maigret,policier,0.006820470616657889,0.006354402899658335,0.980637429489545,0.0029322433722833658,0.003255453621855751,policier,True
2009_Beigbeder-Frederic_Un-roman-français,mémoires et autobiographie,0.0031215536065827536,0.0013278432710778609,0.017607487375357188,0.9746071703572353,0.0033359453897469286,mémoires et autobiographie,True
1835_Woillez-Catherine_Le-Robinson-des-demoiselles,littérature jeunesse,0.39524780623297584,0.5557596441142558,0.01139924786227899,0.009768843087818562,0.02782445870267096,roman d'aventures,False
1969_Simenon-Georges_Maigret-et-le-tueur,policier,0.014700835203925715,0.007443419630553672,0.9455158580051103,0.01504247275254077,0.017297414407869787,policier,True
1916_Ardel-Henri_Le-chemin-qui-descend,roman sentimental,0.01567757295165078,0.010924222160599796,0.014475837704853736,0.0027700038098271997,0.9561523633730685,roman sentimental,True
1912_Pergaud-Louis_La-Guerre-des-boutons,littérature jeunesse,0.6343950444704288,0.1613022564109554,0.16080746303017238,0.019967517729730478,0.023527718358712518,littérature jeunesse,True
1939_Saint-Exupery-Antoine-de_Terre-des-hommes,mémoires et autobiographie,0.06071606501916547,0.09087500190555525,0.1125275824079507,0.7090655455172853,0.026815805150043635,mémoires et autobiographie,True
1896_Laurie-Andre_La-Vie-de-college-dans-tous-les-temps-et-dans-tous-les-pays,littérature jeunesse,0.5184655503245864,0.33701465895254146,0.026898392003523106,0.016697172298002046,0.10092422642134696,littérature jeunesse,True
1944_Simenon-Georges_Felicie-est-la,policier,0.023604543769082727,0.010789762348469819,0.8694950915183053,0.07733852749629912,0.01877207486784353,policier,True
1922_Alanic-Mathilde_La-route-ardente,roman sentimental,0.040137637073248085,0.01726241927339669,0.0073013144467149235,0.006651812310594164,0.9286468168960463,roman sentimental,True
1979_Zevaco-Michel_Le-Pre-aux-clercs,roman d'aventures,0.05320097541684799,0.6798630716680122,0.15063512670494442,0.002763504988726219,0.11353732122146903,roman d'aventures,True
1958_Pagnol-Marcel_Le-Chateau-de-ma-mere,littérature jeunesse,0.4063873874927942,0.1441174954082309,0.21623055946761088,0.19502964290336194,0.03823491472800204,littérature jeunesse,True
1977_Pagnol-Marcel_Le-temps-des-amours,mémoires et autobiographie,0.4471960959594393,0.09772198490026429,0.28436154010968034,0.13268689492761193,0.03803348410300397,littérature jeunesse,False
1936_Celine-Louis-Ferdinand_Mort-a-credit,mémoires et autobiographie,0.028874806423189906,0.06024207020493126,0.728266306494862,0.1693241502969215,0.013292666580095387,policier,False
1898_Ivoi-Paul-d-_Corsaire-Triplex,roman d'aventures,0.011286790670611892,0.9051073988870673,0.07582368421603358,0.0010310387960006284,0.0067510874302870675,roman d'aventures,True
1932_Simenon-Georges_L-Affaire-Saint-Fiacre,policier,0.13280402044534154,0.04568581283433688,0.7110821403845862,0.010128226317219614,0.10029980001851628,policier,True
1857_About-Edmond_Le-Roi-des-montagnes,roman d'aventures,0.3067982513819273,0.5052983301630604,0.04388487521295869,0.13075171829750692,0.013266824944546564,roman d'aventures,True
1941_Simenon-Georges_La-maison-du-juge,policier,0.042314266493652095,0.04236899645100881,0.8899960244632348,0.009140710104264963,0.016180002487839247,policier,True
1931_Simenon-Georges_La-danseuse-du-Gai-Moulin,policier,0.023156702855995668,0.012023801786570597,0.9417433171398999,0.010934974128391305,0.012141204089142535,policier,True
2014_Rouaud-Jean_Un-peu-la-guerre,mémoires et autobiographie,0.0019537828952261695,0.0002688590844731518,0.0020419209788023556,0.9951070339402748,0.0006284031012235864,mémoires et autobiographie,True
1880_Fleuriot-Zenaide_Bonasse,littérature jeunesse,0.426169708942934,0.3849967602394125,0.06403277851855804,0.01967081969983602,0.10512993259925955,littérature jeunesse,True
2008_Rouaud-Jean_La-fiancee-juive,mémoires et autobiographie,0.02501774943318938,0.006787443815788916,0.003628018838500124,0.9617916844758371,0.002775103436684463,mémoires et autobiographie,True
1964_Simenon-Georges_La-patience-de-Maigret,policier,0.009763898451632235,0.006713965293078907,0.9123036958598689,0.016517181965401872,0.05470125843001819,policier,True
1977_Ernaux-Annie_Ce-qu-ils-disent-ou-rien,mémoires et autobiographie,0.03762777247111304,0.0038092094674541228,0.07775632011724665,0.859535510967854,0.021271186976332488,mémoires et autobiographie,True
1998_Rouaud-Jean_Pour-vos-cadeaux,mémoires et autobiographie,0.06509486321660728,0.008634782862178754,0.018506528747077408,0.8996791261477441,0.008084699026392233,mémoires et autobiographie,True
1932_Simenon-Georges_Chez-les-Flamands,policier,0.2942524586652348,0.05080289933624559,0.5143006804699073,0.04419934773943638,0.09644461378917588,policier,True
1958_Very-Pierre_Les-disparus-de-Saint-Agil,littérature jeunesse,0.03468909230232127,0.04785175852199031,0.8859122090814694,0.010257079540910876,0.02128986055330815,policier,False
1930_Simenon-Georges_Pietr-le-Letton,policier,0.005638757008045249,0.018796322090143234,0.957495368721567,0.009944463220930955,0.00812508895931416,policier,True
1941_Simenon-Georges_Les-caves-du-Majestic,policier,0.003745800321163828,0.009276451850043216,0.971691579294898,0.0022819367262118854,0.013004231807682587,policier,True
1885_Amero-Constant_Le-tour-de-France-d-un-petit-Parisien,littérature jeunesse,0.1974897111764056,0.6492076738306188,0.09228005025948258,0.004973799858482286,0.056048764875010766,roman d'aventures,False
1875_Legouve-Ernest_Nos-filles-et-nos-fils-scenes-et-etudes-de-famille,littérature jeunesse,0.597669804585337,0.03922962664229345,0.009156625409578806,0.3399252126426045,0.014018730720186369,littérature jeunesse,True
1957_Simenon-Georges_Maigret-s-amuse,policier,0.02761748838590245,0.04116663261620625,0.8312140604873507,0.06634072555346401,0.03366109295707646,policier,True
1884_Ferry-Gabriel_Le-coureur-des-bois-ou-les-chercheurs-d'or_1,roman d'aventures,0.015185452947274294,0.9615261326515671,0.019003809260052882,0.0018526156091792252,0.0024319895319262156,roman d'aventures,True
1884_Laurie-Andre_L-Heritier-de-Robinson,littérature jeunesse,0.11266386128517138,0.8635813105574227,0.018200367564964404,0.00403976895448322,0.0015146916379586344,roman d'aventures,False
2008_Ernaux-Annie_Les-annees,mémoires et autobiographie,0.012503821093102056,0.0023227484763164653,0.013867227387927223,0.9688653125162752,0.0024408905263792534,mémoires et autobiographie,True
2002_Ernaux-Annie_L-Occupation,mémoires et autobiographie,0.020108789709317364,0.004529539600087642,0.008142829319639154,0.9593257808819862,0.00789306048896987,mémoires et autobiographie,True
1973_Rolin-Dominique_Lettre-au-vieil-homme,mémoires et autobiographie,0.016765612746194543,0.03363240148629392,0.05869923514058067,0.8728800567371245,0.01802269388980637,mémoires et autobiographie,True
1942_Guilloux-Louis_Le-pain-des-reves,mémoires et autobiographie,0.47860008070864635,0.15976433145011357,0.10746442569813103,0.194731614277305,0.05943954786580399,littérature jeunesse,False
1922_Margueritte-Victor_Poum_(aventures-d-un-petit-garçon),littérature jeunesse,0.847427398870379,0.05898844229547339,0.023453423906582737,0.03943187366919388,0.03069886125837106,littérature jeunesse,True
1867_Houssaye-Arsene_La-Pantoufle-de-Cendrillon-ou-Suzanne-aux-coquelicots,littérature jeunesse,0.8678894018572837,0.05071430334190923,0.006317958402741655,0.06613052510012611,0.008947811297939125,littérature jeunesse,True
1848_Woillez-Catherine_Edma-et-Marguerite-ou-les-Ruines-de-Chatillon-d-Azergues,littérature jeunesse,0.7980794457602554,0.08913597816364281,0.008630008890950272,0.06389902302022668,0.040255544164924884,littérature jeunesse,True
1892_Stolz-Madame-de_La-famille-Coquelicot,littérature jeunesse,0.9365478932441357,0.020079441033608363,0.0017276686106503887,0.00637749396618037,0.03526750314542524,littérature jeunesse,True
2014_Millet-Catherine_Une-enfance-de-reve,mémoires et autobiographie,0.010134653382949008,0.0014436052612616444,0.009973555473528283,0.9565012111980181,0.02194697468424273,mémoires et autobiographie,True
1942_Simenon-Georges_Menaces-de-mort,policier,0.4821881528301833,0.02951211662731862,0.2175285945280782,0.14657490811188117,0.12419622790253855,littérature jeunesse,False
1893_Feval-Paul-fils_les-suites-de-lagardere_6-le-duc-de-nevers,roman d'aventures,0.04467683709555713,0.6655405362590446,0.20064233498983697,0.0055716096119605,0.08356868204360098,roman d'aventures,True
1949_Simenon-Georges_La-premiere-enquete-de-Maigret,policier,0.004911724467613823,0.007973666387747767,0.9689274515617401,0.0033035976640750637,0.014883559918823317,policier,True
1954_Simenon-Georges_Maigret-a-l-ecole,policier,0.1922473113919287,0.02396031322354242,0.6723220304005744,0.0598006032833159,0.051669741700638525,policier,True
